150.0 12 10 1 10
120.0 12 10 1 10
100.0 12 10 1 10
82.0 12 10 1 10
68.0 12 10 1 10
56.0 12 10 1 10
47.0 12 10 1 10
39.0 12 10 1 10
33.0 12 10 1 10
27.0 12 10 1 10
22.0 12 10 1 10
18.0 12 10 1 10
15.0 12 10 1 10
15.0 12 10 0.250 10
12.0 12 10 1 10
12.0 12 10 0.250 10
10.0 12 10 1 10
10.0 12 10 0.250 10
9.1 24 5 0.250 10
8.2 24 5 0.250 10
8.2 12 10 0.250 10
7.5 24 5 0.250 10
6.8 24 5 0.250 10
6.8 12 10 0.250 10
6.2 24 5 0.250 10
5.6 24 5 0.250 10
5.6 12 10 0.250 10
5.1 24 5 0.250 10
4.7 24 5 0.250 10
4.7 12 10 0.250 10
4.3 24 5 0.250 10
3.9 24 5 0.250 10
3.9 12 10 0.250 10
3.6 24 5 0.250 10
3.3 24 5 0.250 10
3.3 12 10 0.250 10
3.0 24 5 0.250 10
2.7 12 10 0.250 10
2.7 24 5 0.250 10
2.4 24 5 0.250 10
2.2 24 5 0.250 10
2.2 12 10 0.250 10
2.0 24 5 0.250 10
1.8 24 5 0.250 10
1.8 12 10 0.250 10
1.6 24 5 0.250 10
1.5 24 5 0.250 10
1.5 12 10 0.250 10
1.3 24 5 0.250 10
1.2 24 5 0.250 10
1.2 12 10 0.250 10
1.1 24 5 0.250 10
1.0 24 5 0.250 10
1.0 12 10 0.250 10
